3,2
3,1
3,3
10,82
10,308
10,202
10,172
10,166
10,164
11,9
11,10
11,15
11,30
8,9
8,16
45,3
45,1
44,4
44,3
44,1
42,3
42,1
39,3
39,1
37,3
37,1
35,3
35,1
33,4
33,3
33,1
28,3
28,1
25,3
25,1
21,3
21,2
21,1
21,0
20,3
20,2
20,1
19,3
19,2
19,1
12,3
12,2
12,1
11,29
11,27
11,26
11,25
11,20
11,19
11,18
11,16
11,13
11,11
11,7
11,6
11,5
11,4
11,3
11,2
11,1
10,306
10,268
10,264
10,248
10,240
10,232
10,220
10,194
10,190
10,184
10,98
10,86
10,78
10,14
10,10
18,1
10,3
10,2
18,3
10,1
9,7
14,1
9,6
14,3
9,4
13,1
9,3
9,2
13,3
9,1
8,18
8,14
8,13
8,12
8,10
8,7
8,6
8,5
8,4
